29.196706448800001 1.8437067658879999e-07 -7.3908821193449996e-07 -0.00019093257861960001 -7.1181267304400002 -0.0001227912727611 -3.1600577664020002 0 0 0 0 4.1398929227630001e-05 0 0 -0.88022945389670004 1.5706393339469999e-05 0 0 0 0 -7.9177100654569997e-05 -0.053177980638120001 0 0 1.9820108701520001 0 -6.4211926198890004e-12 3.243161785097e-05 -6.415325653617e-05 0 1.8437067658879999e-07 29.203034125750001 -0.02537610096897 -6.5542628058360002 0.0002073512166131 -4.2154240177349998 9.2059610126590005e-05 0 0 0 0 1.421377490752 0 0 2.563774331822e-05 0.53925717625040004 0 0 0 0 -2.7184570752030002 1.551156909176e-06 0 0 -5.7728015930230002e-05 0 0 1.1134665341779999 -2.202640488403 0 -7.3908821193449996e-07 -0.02537610096897 16.022855853380001 -2.7961766266049999 1.4983262847010001e-08 2.5292684335520002 -1.311531347585e-08 0 0 0 0 -0.082646402477780004 0 0 -3.9410110808450001e-11 0.097332050657460006 0 0 0 0 0.74191455246659999 -6.9673256313659998e-10 0 0 7.1656090653090002e-10 0 0 -1.0234703581660001 3.1146763332330001 0 -0.00019093257861960001 -6.5542628058360002 -2.7961766266049999 2.7640936298969998 7.743427930113e-10 0.3196343311264 -4.6717167525959995e-10 0 0 0 0 -0.54093613107930005 0 0 1.019855632237e-09 -0.35668981663560001 0 0 0 0 0.91283639455309995 -1.1054958753979999e-09 0 0 -3.0596850539299999e-09 0 0 -0.48352412531990002 0.19770466140119999 0 -7.1181267304400002 0.0002073512166131 1.4983262847010001e-08 7.743427930113e-10 2.8702709660360002 -4.2391320683770001e-10 0.2255384169902 0 0 0 0 2.5218451146779999e-09 0 0 0.25403928325980002 1.7378591760099999e-09 0 0 0 0 -4.3728242485330001e-09 -0.071601656048099996 0 0 -0.67109073752820003 0 0 2.030349013915e-09 -8.4420845314349999e-10 0 -0.0001227912727611 -4.2154240177349998 2.5292684335520002 0.3196343311264 -4.2391320683770001e-10 2.7216168427410001 -4.9122792725870003e-10 0 0 0 0 -0.21768904721740001 0 0 1.737079691894e-09 0.26349258583169999 0 0 0 0 0.40894130593779998 6.7094134414969995e-10 0 0 -3.5900968586849999e-09 0 0 0.53566951736979995 0.62811529004480005 0 -3.1600577664020002 9.2059610126590005e-05 -1.311531347585e-08 -4.6717167525959995e-10 0.2255384169902 -4.9122792725870003e-10 2.5938124087380001 0 0 0 0 8.6553143471830001e-10 0 0 0.34681689853190001 -1.3249522746310001e-09 0 0 0 0 -1.718175674653e-09 0.2150550802707 0 0 -0.67822395919230005 0 0 -2.9099181076889999e-09 -3.2394828347600001e-09 0 0 0 0 0 0 0 0 1.829930258976 0 -9.9535422807590004e-10 0 0 -0.32265141836459998 0 0 0 0 -0.50914870789010003 0 8.7468119205900004e-10 0 0 -0.68846801275979996 0 0 0 0 0 0 0 0 0 0 0 0 0 0 0 1.829930258976 0 -1.020872400503e-09 0 0 -0.32265141836470002 0 0 -0.50914870789010003 0 8.1699621720669998e-10 0 0 0 0 -0.68846801275960001 0 0 0 0 0 -1.6799691585770001e-09 0 0 0 0 0 0 0 -9.9535422807590004e-10 0 2.330121407544 0 0 -3.6009466936050001e-10 0 0 0 0 -3.4760468461960001e-10 0 -0.5026700684073 0 0 -1.019317779488e-09 0 0 0 0 0 0 0 0 0 0 0 0 0 0 0 -1.020872400503e-09 0 2.330121407544 0 0 -3.6659680326120001e-10 0 0 -2.8390806892929999e-10 0 -0.5026700684073 0 0 0 0 -1.028543927112e-09 0 0 0 0 0 0.92606341111669999 4.1398929227630001e-05 1.421377490752 -0.082646402477780004 -0.54093613107930005 2.5218451146779999e-09 -0.21768904721740001 8.6553143471830001e-10 0 0 0 0 0.19930113302739999 0 0 1.9207302415229999e-11 0.10009881826930001 0 0 0 0 -0.28476966294639999 2.212512395516e-10 0 0 -5.9012350561719999e-11 0 0 0.23294474263670001 -0.25468688811290002 0 0 0 0 0 0 0 0 -0.32265141836459998 0 -3.6009466936050001e-10 0 0 0.14959869446740001 0 0 0 0 0.1785088658108 0 -3.502963197288e-11 0 0 0.136063402168 0 0 0 0 0 0 0 0 0 0 0 0 0 0 0 -0.32265141836470002 0 -3.6659680326120001e-10 0 0 0.14959869446749999 0 0 0.1785088658109 0 -1.0328279898000001e-11 0 0 0 0 0.13606340216820001 0 0 0 0 0 4.6332229719500002e-11 -0.88022945389670004 2.563774331822e-05 -3.9410110808450001e-11 1.019855632237e-09 0.25403928325980002 1.737079691894e-09 0.34681689853190001 0 0 0 0 1.9207302415229999e-11 0 0 0.14737446487049999 8.2019502301019996e-11 0 0 0 0 -9.6643248959080005e-11 0.01381058459391 0 0 -0.12344189227040001 0 0 1.293543050451e-10 -1.4517637092479999e-10 0 1.5706393339469999e-05 0.53925717625040004 0.097332050657460006 -0.35668981663560001 1.7378591760099999e-09 0.26349258583169999 -1.3249522746310001e-09 0 0 0 0 0.10009881826930001 0 0 8.2019502301019996e-11 0.3054060007662 0 0 0 0 -0.20547757538950001 1.8853274497130001e-10 0 0 -1.7690537923439999e-10 0 0 0.31647678230830001 -0.17264063846460001 0 0 0 0 0 0 0 0 0 -0.50914870789010003 0 -2.8390806892929999e-10 0 0 0.1785088658109 0 0 1.867503918812 0 3.8255282275300001e-10 0 0 0 0 0.57537380076559996 0 0 0 0 0 -5.4462256926509997e-10 0 0 0 0 0 0 0 -0.50914870789010003 0 -3.4760468461960001e-10 0 0 0.1785088658108 0 0 0 0 1.867503918812 0 1.699058116422e-10 0 0 0.57537380076589995 0 0 0 0 0 0 0 0 0 0 0 0 0 0 0 8.1699621720669998e-10 0 -0.5026700684073 0 0 -1.0328279898000001e-11 0 0 3.8255282275300001e-10 0 0.31379254294710002 0 0 0 0 8.2537227052980003e-11 0 0 0 0 0 -0.19533914554439999 0 0 0 0 0 0 0 8.7468119205900004e-10 0 -0.5026700684073 0 0 -3.502963197288e-11 0 0 0 0 1.699058116422e-10 0 0.31379254294710002 0 0 0 0 0 0 0 0 0 0 -7.9177100654569997e-05 -2.7184570752030002 0.74191455246659999 0.91283639455309995 -4.3728242485330001e-09 0.40894130593779998 -1.718175674653e-09 0 0 0 0 -0.28476966294639999 0 0 -9.6643248959080005e-11 -0.20547757538950001 0 0 0 0 0.87143552161619997 -4.6236836581670001e-10 0 0 2.855993219697e-10 0 0 -0.61866635948469995 0.72488416693430002 0 -0.053177980638120001 1.551156909176e-06 -6.9673256313659998e-10 -1.1054958753979999e-09 -0.071601656048099996 6.7094134414969995e-10 0.2150550802707 0 0 0 0 2.212512395516e-10 0 0 0.01381058459391 1.8853274497130001e-10 0 0 0 0 -4.6236836581670001e-10 0.28706557769169999 0 0 -0.024134588264449999 0 0 4.6405546072489998e-10 -5.6383009372499995e-10 0 0 0 0 0 0 0 0 -0.68846801275979996 0 -1.019317779488e-09 0 0 0.136063402168 0 0 0 0 0.57537380076589995 0 0 0 0 0.64373633926240004 0 0 0 0 0 0 0 0 0 0 0 0 0 0 0 -0.68846801275960001 0 -1.028543927112e-09 0 0 0.13606340216820001 0 0 0.57537380076559996 0 8.2537227052980003e-11 0 0 0 0 0.64373633926230001 0 0 0 0 0 -9.2233359838539994e-11 1.9820108701520001 -5.7728015930230002e-05 7.1656090653090002e-10 -3.0596850539299999e-09 -0.67109073752820003 -3.5900968586849999e-09 -0.67822395919230005 0 0 0 0 -5.9012350561719999e-11 0 0 -0.12344189227040001 -1.7690537923439999e-10 0 0 0 0 2.855993219697e-10 -0.024134588264449999 0 0 0.64499638599789999 0 0 -5.6919624569220002e-10 6.2288763036380003e-10 0 0 0 0 0 0 0 0 0 0 0 0 0 0 0 0 0 0 0 0 0 0 0 0 0 0 0.52731971776990005 0 0 0 0 -6.4211926198890004e-12 0 0 0 0 0 0 0 0 0 0 0 0 0 0 0 0 0 0 0 0 0 0 0 0 0 0.52731971776959996 0 0 0 3.243161785097e-05 1.1134665341779999 -1.0234703581660001 -0.48352412531990002 2.030349013915e-09 0.53566951736979995 -2.9099181076889999e-09 0 0 0 0 0.23294474263670001 0 0 1.293543050451e-10 0.31647678230830001 0 0 0 0 -0.61866635948469995 4.6405546072489998e-10 0 0 -5.6919624569220002e-10 0 0 1.542295669771 -0.93925507695620003 0 -6.415325653617e-05 -2.202640488403 3.1146763332330001 0.19770466140119999 -8.4420845314349999e-10 0.62811529004480005 -3.2394828347600001e-09 0 0 0 0 -0.25468688811290002 0 0 -1.4517637092479999e-10 -0.17264063846460001 0 0 0 0 0.72488416693430002 -5.6383009372499995e-10 0 0 6.2288763036380003e-10 0 0 -0.93925507695620003 2.0676705470169998 0 0 0 0 0 0 0 0 0 -1.6799691585770001e-09 0 0.92606341111669999 0 0 4.6332229719500002e-11 0 0 -5.4462256926509997e-10 0 -0.19533914554439999 0 0 0 0 -9.2233359838539994e-11 0 0 0 0 0 1.123372043334 
